0.150014
0.147775
0.127019
0.147772
0.147624
0.147968
0.147863
0.129665
0.127101
0.144835
0.148654
0.132743
0.109924
0.130994
0.147897
0.127859
0.147435
0.0441289
0.0153093
0.0106301
0.00837551
0.00746658
0.00678056
0.00906935
0.00530905
0.00665231
0.00634339
0.00540327
0.00575147
0.00535924
0.00594142
0.0057092
0.0053215
0.00695805
0.00490245
0.00615793
0.0047089
0.00481491
0.00478225
0.00585521
0.00448583
0.00434039
0.00479028
0.00347824
0.00452329
0.00425117
0.00424677
0.00332388
0.00437064
0.00377971
